                    Respuestas: 20


1810                            

1648

1987

2056              2056

2008              2008

2102

1999

1986

1948

2022            2022



2017            2017
	
1934

2099            2099

2345

1992

2014           2014

2056           2056

2002           2002

2007           2007

1967



2202
	
2076          2076

2124

1993

1902

1838

2999

2025         2025

2087         2087

1972



1936
	
2057         2057

1995

1850

2114

2098         2098

2122

2298

2074         2074

2009         2009



1972
	
1997

2016        2016

2146

2110

2176

2298

2065       2065

2038       2038

2090       2090

